{
 "cells": [
  {
   "cell_type": "code",
   "execution_count": 1,
   "id": "2e1be84d",
   "metadata": {},
   "outputs": [
    {
     "name": "stderr",
     "output_type": "stream",
     "text": [
      "2025-03-24 08:25:44.054619: E external/local_xla/xla/stream_executor/cuda/cuda_fft.cc:485] Unable to register cuFFT factory: Attempting to register factory for plugin cuFFT when one has already been registered\n",
      "2025-03-24 08:25:44.093836: E external/local_xla/xla/stream_executor/cuda/cuda_dnn.cc:8463] Unable to register cuDNN factory: Attempting to register factory for plugin cuDNN when one has already been registered\n",
      "2025-03-24 08:25:44.105538: E external/local_xla/xla/stream_executor/cuda/cuda_blas.cc:1452] Unable to register cuBLAS factory: Attempting to register factory for plugin cuBLAS when one has already been registered\n",
      "/usr/lib/python3/dist-packages/scipy/__init__.py:146: UserWarning: A NumPy version >=1.17.3 and <1.25.0 is required for this version of SciPy (detected version 1.26.4\n",
      "  warnings.warn(f\"A NumPy version >={np_minversion} and <{np_maxversion}\"\n"
     ]
    }
   ],
   "source": [
    "import matplotlib.pyplot as plt\n",
    "import numpy as np\n",
    "\n",
    "import time\n",
    "\n",
    "import sys\n",
    "import os\n",
    "\n",
    "from datetime import datetime\n",
    "import subprocess\n",
    "\n",
    "os.environ['CUDA_VISIBLE_DEVICES']=\"0\"\n",
    "\n",
    "\n",
    "from keras.layers import Dense, Input, Dropout, BatchNormalization\n",
    "from keras.models import Model, Sequential\n",
    "\n",
    "from keras.regularizers import l2, l1, l1_l2\n",
    "\n",
    "\n",
    "import tensorflow as tf\n",
    "\n",
    "from sklearn.model_selection import train_test_split\n",
    "\n",
    "from tensorflow.keras.callbacks import EarlyStopping\n",
    "\n",
    "\n",
    "import pickle\n"
   ]
  },
  {
   "cell_type": "code",
   "execution_count": 2,
   "id": "f30fa1e8",
   "metadata": {},
   "outputs": [
    {
     "name": "stdout",
     "output_type": "stream",
     "text": [
      "\n",
      "\n",
      "\n",
      " optree version:  0.13.0\n",
      " keras version:  3.4.1\n",
      "\n",
      "\n",
      "\n"
     ]
    }
   ],
   "source": [
    "import optree\n",
    "import keras\n",
    "print( '\\n\\n')\n",
    "print(' optree version:  %s' % str(optree.__version__))\n",
    "print(' keras version:  %s' % str(keras.__version__))\n",
    "print('\\n\\n')"
   ]
  },
  {
   "cell_type": "code",
   "execution_count": 3,
   "id": "a708ce4e",
   "metadata": {},
   "outputs": [
    {
     "name": "stdout",
     "output_type": "stream",
     "text": [
      "\n",
      "\n",
      "\n",
      "  numpy version:  1.26.4\n",
      "  tensorflow version:  2.17.0\n",
      "\n",
      "\n",
      "\n"
     ]
    }
   ],
   "source": [
    "print(\"\\n\\n\")\n",
    "print(\"  numpy version:  %s\" % str(np.version.version) )\n",
    "print(\"  tensorflow version:  %s\" % str(tf.__version__))\n",
    "print(\"\\n\\n\")"
   ]
  },
  {
   "cell_type": "code",
   "execution_count": null,
   "id": "53506acd",
   "metadata": {},
   "outputs": [],
   "source": []
  },
  {
   "cell_type": "code",
   "execution_count": 4,
   "id": "74122e63",
   "metadata": {},
   "outputs": [],
   "source": [
    "from keras.layers import Activation\n",
    "\n",
    "beta = 4\n",
    "\n",
    "def custom_activation(x):\n",
    "    return 0.5 * x * (1 + K.tanh( beta * 0.79788 * (x + 0.044715 * x * x * x)))"
   ]
  },
  {
   "cell_type": "markdown",
   "id": "fcd5a27a",
   "metadata": {},
   "source": [
    "## Set model and resolution parameters"
   ]
  },
  {
   "cell_type": "code",
   "execution_count": 5,
   "id": "ac997067",
   "metadata": {},
   "outputs": [
    {
     "name": "stdout",
     "output_type": "stream",
     "text": [
      "\n",
      "\n",
      " Resolution: [0.4, 0.5, 0.6, 0.3, 0.4, 0.4]\n",
      "\n",
      "\n",
      "\n",
      "\n",
      "\n",
      " mc covariance:\n",
      "   0,  0 : diagonal    1.0000\n",
      "   0,  1 :              1.000 *    0.700 *    0.100 =   0.0700\n",
      "   0,  2 :              1.000 *    1.100 *    0.200 =   0.2200\n",
      "   0,  3 :              1.000 *    0.800 *   -0.300 =  -0.2400\n",
      "   0,  4 :              1.000 *    1.200 *    0.000 =   0.0000\n",
      "   0,  5 :              1.000 *    1.400 *    0.000 =   0.0000\n",
      "   1,  1 : diagonal    0.4900\n",
      "   1,  2 :              0.700 *    1.100 *    0.000 =   0.0000\n",
      "   1,  3 :              0.700 *    0.800 *   -0.200 =  -0.1120\n",
      "   1,  4 :              0.700 *    1.200 *    0.300 =   0.2520\n",
      "   1,  5 :              0.700 *    1.400 *    0.100 =   0.0980\n",
      "   2,  2 : diagonal    1.2100\n",
      "   2,  3 :              1.100 *    0.800 *    0.100 =   0.0880\n",
      "   2,  4 :              1.100 *    1.200 *   -0.200 =  -0.2640\n",
      "   2,  5 :              1.100 *    1.400 *    0.300 =   0.4620\n",
      "   3,  3 : diagonal    0.6400\n",
      "   3,  4 :              0.800 *    1.200 *    0.100 =   0.0960\n",
      "   3,  5 :              0.800 *    1.400 *    0.000 =   0.0000\n",
      "   4,  4 : diagonal    1.4400\n",
      "   4,  5 :              1.200 *    1.400 *    0.700 =   1.1760\n",
      "   5,  5 : diagonal    1.9600\n",
      "\n",
      "\n",
      "\n",
      " True covariance:\n",
      "   0,  0 : diagonal    0.6400\n",
      "   0,  1 :              0.800 *    0.600 *    0.000 =   0.0000\n",
      "   0,  2 :              0.800 *    1.000 *    0.200 =   0.1600\n",
      "   0,  3 :              0.800 *    0.600 *   -0.200 =  -0.0960\n",
      "   0,  4 :              0.800 *    1.000 *    0.100 =   0.0800\n",
      "   0,  5 :              0.800 *    1.100 *    0.000 =   0.0000\n",
      "   1,  1 : diagonal    0.3600\n",
      "   1,  2 :              0.600 *    1.000 *    0.000 =   0.0000\n",
      "   1,  3 :              0.600 *    0.600 *   -0.100 =  -0.0360\n",
      "   1,  4 :              0.600 *    1.000 *    0.200 =   0.1200\n",
      "   1,  5 :              0.600 *    1.100 *    0.000 =   0.0000\n",
      "   2,  2 : diagonal    1.0000\n",
      "   2,  3 :              1.000 *    0.600 *    0.000 =   0.0000\n",
      "   2,  4 :              1.000 *    1.000 *   -0.300 =  -0.3000\n",
      "   2,  5 :              1.000 *    1.100 *    0.400 =   0.4400\n",
      "   3,  3 : diagonal    0.3600\n",
      "   3,  4 :              0.600 *    1.000 *    0.200 =   0.1200\n",
      "   3,  5 :              0.600 *    1.100 *    0.000 =   0.0000\n",
      "   4,  4 : diagonal    1.0000\n",
      "   4,  5 :              1.000 *    1.100 *    0.500 =   0.5500\n",
      "   5,  5 : diagonal    1.2100\n"
     ]
    }
   ],
   "source": [
    "##====================\n",
    "\n",
    "ndim = 6\n",
    "\n",
    "n_boot_samples = 500\n",
    "\n",
    "\n",
    "resolution_sf = 1.00\n",
    "\n",
    "output_dir = 'output-run-nn-study-nd-v0j-ndim%d-res-sf-%.2f' % (ndim, resolution_sf)\n",
    "\n",
    "\n",
    "##-------------\n",
    "\n",
    "if ndim == 6 :\n",
    "\n",
    "    mc_mu = [ 1.,  0.,  -0.5,   0.5, -1., 0.3 ]\n",
    "\n",
    "    mc_rho = [ \n",
    "                  [0.0, 0.0, -0.3, 0.2, 0.1],  #0\n",
    "                  [0.1, 0.3, -0.2, 0.0 ],   #1\n",
    "                  [0.3, -0.2, 0.1   ],  #2\n",
    "                  [0.0, 0.1],  #3\n",
    "                  [0.7],  #4\n",
    "                ]\n",
    "\n",
    "    mc_sig = [ 1., 0.7, 1.1, 0.8, 1.2, 1.4 ]\n",
    "\n",
    "\n",
    "    ##-------------\n",
    "\n",
    "    true_mu = [ 0.8,  0.1,  -0.6, 0.7, -0.8, 0.1 ]\n",
    "\n",
    "    true_rho  = [ [0.0, 0.1, -0.2, 0.2, 0.0 ], #0\n",
    "                  [0.0, 0.2, -0.1, 0.0],  #1\n",
    "                  [0.4, -0.3, 0.0   ],  #2\n",
    "                  [0.0, 0.2],  #3\n",
    "                  [0.5],  #4\n",
    "                ]\n",
    "\n",
    "    true_sig = [ 0.8, 0.6, 1.0,    0.6, 1.0, 1.1 ]\n",
    "    \n",
    "    \n",
    "    \n",
    "    resolution = [ 0.4, 0.5, 0.6,   0.3, 0.4, 0.4  ]\n",
    "    \n",
    "    \n",
    "\n",
    "##-------------\n",
    "\n",
    "if ndim == 4 :\n",
    "    \n",
    "    mc_mu = [ 1.,  0.,  -0.5,   0.5 ]\n",
    "\n",
    "    mc_rho = [ \n",
    "                  [0.3, -0.2, 0.1   ],  #0\n",
    "                  [0.0, 0.1],  #1\n",
    "                  [0.7],  #2\n",
    "                ]\n",
    "\n",
    "    mc_sig = [ 1., 0.7, 1.1, 0.8 ]\n",
    "    \n",
    "    \n",
    "    ##-------------\n",
    "\n",
    "    true_mu = [ 0.8,  0.1,  -0.6, 0.7 ]\n",
    "\n",
    "    true_rho  = [ \n",
    "                  [0.4, -0.3, 0.0   ],  #0\n",
    "                  [0.0, 0.2],  #1\n",
    "                  [0.5],  #2\n",
    "                ]\n",
    "\n",
    "    true_sig = [ 0.8, 0.6, 1.0,    0.6 ]\n",
    "    \n",
    "    \n",
    "    resolution = [ 0.4, 0.5, 0.6,   0.3  ]\n",
    "    \n",
    "    \n",
    "\n",
    "##-------------\n",
    "\n",
    "if ndim == 2 :\n",
    "    \n",
    "    mc_mu = [ 0.0, 1.0 ]\n",
    "\n",
    "    mc_rho = [ [-0.6] ]\n",
    "\n",
    "    mc_sig = [ 1.0, 1.5 ]\n",
    "\n",
    "\n",
    "    ##-------------\n",
    "\n",
    "    true_mu = [ 0.2, 0.8 ]\n",
    "\n",
    "    true_rho  = [ [-0.6] ]\n",
    "\n",
    "    true_sig = [ 0.9, 1.3 ]\n",
    "    \n",
    "    \n",
    "    resolution = [ 0.5, 0.8  ]\n",
    "\n",
    "    \n",
    "##-------------\n",
    "\n",
    "if ndim == 1 :\n",
    "\n",
    "    ##-------------\n",
    "\n",
    "    mc_mu = [ 0.0 ]\n",
    "\n",
    "    mc_rho = [ [0.0] ]\n",
    "\n",
    "    mc_sig = [ 1.0 ]\n",
    "\n",
    "\n",
    "    ##-------------\n",
    "\n",
    "\n",
    "    true_mu = [ 0.2 ]\n",
    "\n",
    "    true_rho  = [ [0.0] ]\n",
    "\n",
    "    true_sig = [ 0.9 ]  \n",
    "\n",
    "    \n",
    "    resolution = [ 0.5  ]\n",
    "\n",
    "\n",
    "\n",
    "\n",
    "\n",
    "\n",
    "\n",
    "\n",
    "\n",
    "##=====================\n",
    "\n",
    "\n",
    "#-- scale resolution \n",
    "\n",
    "for i in range( len(resolution) ) :\n",
    "    resolution[i] = resolution_sf * resolution[i]\n",
    "print('\\n\\n Resolution: %s\\n\\n' % str(resolution))\n",
    "\n",
    "\n",
    "mc_cov = np.zeros( shape=(ndim,ndim) )\n",
    "true_cov  = np.zeros( shape=(ndim,ndim) )\n",
    "\n",
    "print(\"\\n\\n\\n mc covariance:\")\n",
    "\n",
    "for i in range(ndim) :\n",
    "    for j in range(ndim) :\n",
    "        if j < i : continue\n",
    "        if i == j :\n",
    "            mc_cov[i][j] = mc_sig[i] * mc_sig[j]\n",
    "            print(\"  %2d, %2d : diagonal  %8.4f\" % (i,j, mc_cov[i][j]))\n",
    "        else :\n",
    "            k = ndim - j - 1\n",
    "            mc_cov[i][j] = mc_sig[i] * mc_sig[j] * mc_rho[i][k]\n",
    "            mc_cov[j][i] = mc_cov[i][j]\n",
    "            print(\"  %2d, %2d :           %8.3f * %8.3f * %8.3f = %8.4f\" % \n",
    "                  (i,j, mc_sig[i], mc_sig[j], mc_rho[i][k], mc_cov[i][j]))\n",
    "            \n",
    "            \n",
    "\n",
    "print(\"\\n\\n\\n True covariance:\")  \n",
    "\n",
    "for i in range(ndim) :\n",
    "    for j in range(ndim) :\n",
    "        if j < i : continue\n",
    "        if i == j :\n",
    "            true_cov[i][j] = true_sig[i] * true_sig[j]\n",
    "            print(\"  %2d, %2d : diagonal  %8.4f\" % (i,j, true_cov[i][j]))\n",
    "        else :\n",
    "            k = ndim - j - 1\n",
    "            true_cov[i][j] = true_sig[i] * true_sig[j] * true_rho[i][k]\n",
    "            true_cov[j][i] = true_cov[i][j]\n",
    "            print(\"  %2d, %2d :           %8.3f * %8.3f * %8.3f = %8.4f\" % \n",
    "                  (i,j, true_sig[i], true_sig[j], true_rho[i][k], true_cov[i][j]))\n",
    "            \n",
    "            \n",
    "                \n",
    "\n",
    "                \n",
    "                \n",
    "\n",
    "\n",
    "\n",
    "\n",
    "\n",
    "\n",
    "ngen_mc = 100000\n",
    "ngen_true =  10000\n",
    "\n",
    "\n",
    "\n",
    "of_niter = 5\n",
    "\n",
    "learning_rate_setval = 0.0005\n",
    "\n",
    "\n",
    "\n",
    "\n",
    "\n",
    "epochs_setval = 400\n",
    "\n",
    "#patience_setval = 25\n",
    "patience_setval = 100\n",
    "\n",
    "restore_best_weights_setval = False\n",
    "\n",
    "\n",
    "\n",
    "use_batch_norm = False\n",
    "\n",
    "units_per_layer = 50\n",
    "\n",
    "\n",
    "number_of_layers = 3\n",
    "\n",
    "\n",
    "\n",
    "\n",
    "dropout_setval = 0.0\n",
    "\n",
    "\n",
    "batch_size_setval = int( ngen_true )\n",
    "\n",
    "\n",
    "\n",
    "\n",
    "\n",
    "\n",
    "#activation_setval = 'relu'\n",
    "\n",
    "activation_setval = custom_activation\n",
    "\n",
    "\n",
    "\n",
    "\n",
    "\n",
    "do_bootstrap = False\n",
    "\n",
    "\n",
    "\n",
    "\n",
    "use_poisson_fluctuations_around_ngen_true = True\n",
    "\n",
    "\n",
    "random_seed = 1\n",
    "\n",
    "\n",
    "\n",
    "\n",
    "save_step2_model = True\n"
   ]
  },
  {
   "cell_type": "code",
   "execution_count": 6,
   "id": "cccc18d0",
   "metadata": {},
   "outputs": [
    {
     "name": "stdout",
     "output_type": "stream",
     "text": [
      "\n",
      "\n",
      " Output directory already exists:  output-run-nn-study-nd-v0j-ndim6-res-sf-1.00\n"
     ]
    }
   ],
   "source": [
    "try:\n",
    "    os.mkdir( output_dir )\n",
    "except:\n",
    "    print('\\n\\n Output directory already exists:  %s' % output_dir)\n",
    "    #print('\\n\\n HALTING EXECUTION\\n\\n')\n",
    "    #sys.exit()"
   ]
  },
  {
   "cell_type": "code",
   "execution_count": 7,
   "id": "62fcfa9f",
   "metadata": {},
   "outputs": [
    {
     "name": "stdout",
     "output_type": "stream",
     "text": [
      "\n",
      "\n",
      "\n",
      "mc covariance determinant:  0.172508\n",
      "True covariance determinant:   0.021873\n",
      "\n",
      "\n",
      "\n"
     ]
    }
   ],
   "source": [
    "print(\"\\n\\n\")\n",
    "print(\"mc covariance determinant:  %f\" % np.linalg.det( mc_cov ) )\n",
    "print(\"True covariance determinant:   %f\" % np.linalg.det( true_cov ) )\n",
    "print(\"\\n\\n\")"
   ]
  },
  {
   "cell_type": "code",
   "execution_count": 8,
   "id": "7196c697",
   "metadata": {},
   "outputs": [],
   "source": [
    "mc_cov_inv = np.linalg.inv( mc_cov )"
   ]
  },
  {
   "cell_type": "code",
   "execution_count": 9,
   "id": "7daeb19e",
   "metadata": {},
   "outputs": [],
   "source": [
    "mc_cov_inv_test = np.matmul( mc_cov, mc_cov_inv )"
   ]
  },
  {
   "cell_type": "code",
   "execution_count": 10,
   "id": "5e51b1fb",
   "metadata": {},
   "outputs": [
    {
     "name": "stdout",
     "output_type": "stream",
     "text": [
      "\n",
      "\n",
      "\n",
      " mc covariance\n",
      "[[ 1.     0.07   0.22  -0.24   0.     0.   ]\n",
      " [ 0.07   0.49   0.    -0.112  0.252  0.098]\n",
      " [ 0.22   0.     1.21   0.088 -0.264  0.462]\n",
      " [-0.24  -0.112  0.088  0.64   0.096  0.   ]\n",
      " [ 0.     0.252 -0.264  0.096  1.44   1.176]\n",
      " [ 0.     0.098  0.462  0.     1.176  1.96 ]]\n",
      "\n",
      " mc covariance inverse\n",
      "[[ 1.27716902  0.1656726  -0.58002342  0.67150396 -0.55879766  0.46371477]\n",
      " [ 0.1656726   2.73570114 -0.70653543  0.84055786 -1.35022875  0.83989269]\n",
      " [-0.58002342 -0.70653543  1.92056726 -0.8623171   1.7139108  -1.44572485]\n",
      " [ 0.67150396  0.84055786 -0.8623171   2.25263852 -1.15105541  0.85186581]\n",
      " [-0.55879766 -1.35022875  1.7139108  -1.15105541  3.1303568  -2.2146959 ]\n",
      " [ 0.46371477  0.83989269 -1.44572485  0.85186581 -2.2146959   2.13780499]]\n",
      "\n",
      " mc covariance inverse test\n",
      "[[ 1.00000000e+00  3.85518982e-17  2.34273303e-17  6.68477293e-18\n",
      "   2.53037110e-17  1.97785416e-17]\n",
      " [ 1.03272453e-18  1.00000000e+00 -7.55439088e-17  5.16034005e-18\n",
      "  -6.75529269e-17 -1.93778609e-17]\n",
      " [-5.54770576e-18 -7.45323110e-17  1.00000000e+00 -1.14316564e-17\n",
      "   1.14715743e-16 -8.54752621e-17]\n",
      " [ 1.38157976e-17  4.85940047e-17 -1.42236179e-16  1.00000000e+00\n",
      "  -1.15868823e-16  2.48840364e-17]\n",
      " [ 1.76911913e-16 -5.16494036e-17  1.23442269e-16 -1.12832472e-16\n",
      "   1.00000000e+00  1.08182290e-16]\n",
      " [ 1.89202179e-16 -1.36396564e-16 -3.20401300e-16 -1.66125856e-16\n",
      "   6.59260924e-16  1.00000000e+00]]\n",
      "\n",
      "\n",
      "\n"
     ]
    }
   ],
   "source": [
    "print(\"\\n\\n\")\n",
    "print(\" mc covariance\")\n",
    "print( mc_cov )\n",
    "print(\"\\n mc covariance inverse\")\n",
    "print( mc_cov_inv )\n",
    "print(\"\\n mc covariance inverse test\")\n",
    "print(mc_cov_inv_test)\n",
    "print(\"\\n\\n\")"
   ]
  },
  {
   "cell_type": "code",
   "execution_count": 11,
   "id": "237a9062",
   "metadata": {},
   "outputs": [],
   "source": [
    "true_cov_inv = np.linalg.inv( true_cov )"
   ]
  },
  {
   "cell_type": "code",
   "execution_count": 12,
   "id": "fb1bb7d2",
   "metadata": {},
   "outputs": [],
   "source": [
    "true_cov_inv_test = np.matmul( true_cov, true_cov_inv )"
   ]
  },
  {
   "cell_type": "code",
   "execution_count": 13,
   "id": "57280df3",
   "metadata": {},
   "outputs": [
    {
     "name": "stdout",
     "output_type": "stream",
     "text": [
      "\n",
      "\n",
      "\n",
      " True covariance\n",
      "[[ 0.64   0.     0.16  -0.096  0.08   0.   ]\n",
      " [ 0.     0.36   0.    -0.036  0.12   0.   ]\n",
      " [ 0.16   0.     1.     0.    -0.3    0.44 ]\n",
      " [-0.096 -0.036  0.     0.36   0.12   0.   ]\n",
      " [ 0.08   0.12  -0.3    0.12   1.     0.55 ]\n",
      " [ 0.     0.     0.44   0.     0.55   1.21 ]]\n",
      "\n",
      " True covariance inverse\n",
      "[[ 2.16720735  0.5238541  -1.16089127  1.0492377  -1.25679098  0.99341091]\n",
      " [ 0.5238541   3.3098402  -0.88711059  0.91158261 -1.32271248  0.92381861]\n",
      " [-1.16089127 -0.88711059  2.78705675 -1.16853878  2.31077013 -2.06382524]\n",
      " [ 1.0492377   0.91158261 -1.16853878  3.69119578 -1.62738908  1.1646455 ]\n",
      " [-1.25679098 -1.32271248  2.31077013 -1.62738908  3.47992071 -2.42206219]\n",
      " [ 0.99341091  0.92381861 -2.06382524  1.1646455  -2.42206219  2.67786555]]\n",
      "\n",
      " True covariance inverse test\n",
      "[[ 1.00000000e+00  1.33027204e-17 -1.95945683e-17  4.79800120e-17\n",
      "  -1.36869527e-16 -2.54339557e-17]\n",
      " [-1.08006500e-18  1.00000000e+00  4.52492704e-17  3.38724119e-17\n",
      "  -2.43357366e-17  1.51970089e-17]\n",
      " [ 5.51307525e-17 -1.10979483e-16  1.00000000e+00 -3.19120768e-16\n",
      "   1.35505791e-16 -1.82910344e-16]\n",
      " [-1.08006500e-18 -1.96611062e-17 -1.02618808e-17  1.00000000e+00\n",
      "   3.11754146e-17  1.51970089e-17]\n",
      " [ 1.38485264e-16  1.13190284e-16 -1.58265634e-16 -1.48927315e-17\n",
      "   1.00000000e+00  1.41125580e-16]\n",
      " [ 8.20377464e-17  2.20047899e-16 -1.31808609e-16 -2.62389617e-16\n",
      "  -3.05207468e-16  1.00000000e+00]]\n",
      "\n",
      "\n",
      "\n"
     ]
    }
   ],
   "source": [
    "print(\"\\n\\n\")\n",
    "print(\" True covariance\")\n",
    "print( true_cov )\n",
    "print(\"\\n True covariance inverse\")\n",
    "print( true_cov_inv )\n",
    "print(\"\\n True covariance inverse test\")\n",
    "print(true_cov_inv_test)\n",
    "print(\"\\n\\n\")"
   ]
  },
  {
   "cell_type": "code",
   "execution_count": null,
   "id": "8b4ca2e4",
   "metadata": {},
   "outputs": [],
   "source": []
  },
  {
   "cell_type": "markdown",
   "id": "bd7b4128",
   "metadata": {},
   "source": [
    "## Generate samples, save events and config"
   ]
  },
  {
   "cell_type": "code",
   "execution_count": 14,
   "id": "2ff65ef2",
   "metadata": {},
   "outputs": [],
   "source": [
    "\n",
    "np.random.seed( random_seed )\n",
    "keras.utils.set_random_seed( random_seed )\n",
    "\n",
    "\n",
    "mc_pts = np.random.multivariate_normal(mc_mu, mc_cov, size=ngen_mc)\n",
    "\n",
    "\n",
    "this_ngen_true = ngen_true\n",
    "if use_poisson_fluctuations_around_ngen_true : this_ngen_true = np.random.poisson( ngen_true )\n",
    "\n",
    "true_pts = np.random.multivariate_normal(true_mu, true_cov, size=this_ngen_true)\n",
    "\n",
    "\n",
    "mc_det_pts = np.random.normal( mc_pts, resolution )\n",
    "\n",
    "true_det_pts = np.random.normal( true_pts, resolution )\n",
    "\n"
   ]
  },
  {
   "cell_type": "code",
   "execution_count": 15,
   "id": "261e9a3c",
   "metadata": {},
   "outputs": [],
   "source": [
    "with open( '%s/mc-and-true-samples.npy' % output_dir, 'wb') as f :\n",
    "    np.save(f, mc_pts)\n",
    "    np.save(f, mc_det_pts)\n",
    "    np.save(f, true_pts)\n",
    "    np.save(f, true_det_pts)"
   ]
  },
  {
   "cell_type": "code",
   "execution_count": 16,
   "id": "2bdb6106",
   "metadata": {},
   "outputs": [],
   "source": [
    "with open('%s/config-pars.pkl' % output_dir, 'wb') as f :\n",
    "    pickle.dump( mc_mu, f)\n",
    "    pickle.dump( mc_rho, f)\n",
    "    pickle.dump( mc_sig, f)\n",
    "    pickle.dump( true_mu,f)\n",
    "    pickle.dump( true_rho,f)\n",
    "    pickle.dump( true_sig,f)\n",
    "    pickle.dump( resolution,f)\n",
    "    pickle.dump( mc_cov,f)\n",
    "    pickle.dump( true_cov,f)\n"
   ]
  },
  {
   "cell_type": "code",
   "execution_count": 17,
   "id": "f7d50d06",
   "metadata": {},
   "outputs": [
    {
     "name": "stdout",
     "output_type": "stream",
     "text": [
      "\n",
      "\n",
      "  Config file contents : output-run-nn-study-nd-v0j-ndim6-res-sf-1.00/config.txt\n",
      "\n",
      "2025-03-24 08:25:46.646810\n",
      "\n",
      "ngen_mc 100000\n",
      "ngen_true  10000\n",
      "of_niter   5\n",
      "ndim       6\n",
      "learning_rate_setval  0.000500\n",
      "epochs_setval  400\n",
      "batch_size_setval  10000\n",
      "use_poisson_fluctuations_around_total : True\n",
      "random_seed:  1\n",
      "activation_setval  <function custom_activation at 0x741a0a59f010>\n",
      "beta  4\n",
      "patience_setval  100\n",
      "restore_best_weights_setval  False\n",
      "\n",
      "\n",
      "mc_mu : [1.0, 0.0, -0.5, 0.5, -1.0, 0.3]\n",
      "mc_rho : [[0.0, 0.0, -0.3, 0.2, 0.1], [0.1, 0.3, -0.2, 0.0], [0.3, -0.2, 0.1], [0.0, 0.1], [0.7]]\n",
      "mc_sig : [1.0, 0.7, 1.1, 0.8, 1.2, 1.4]\n",
      "mc_cov : [[ 1.     0.07   0.22  -0.24   0.     0.   ]\n",
      " [ 0.07   0.49   0.    -0.112  0.252  0.098]\n",
      " [ 0.22   0.     1.21   0.088 -0.264  0.462]\n",
      " [-0.24  -0.112  0.088  0.64   0.096  0.   ]\n",
      " [ 0.     0.252 -0.264  0.096  1.44   1.176]\n",
      " [ 0.     0.098  0.462  0.     1.176  1.96 ]]\n",
      "\n",
      "\n",
      "true_mu : [0.8, 0.1, -0.6, 0.7, -0.8, 0.1]\n",
      "true_rho : [[0.0, 0.1, -0.2, 0.2, 0.0], [0.0, 0.2, -0.1, 0.0], [0.4, -0.3, 0.0], [0.0, 0.2], [0.5]]\n",
      "true_sig : [0.8, 0.6, 1.0, 0.6, 1.0, 1.1]\n",
      "true_cov : [[ 0.64   0.     0.16  -0.096  0.08   0.   ]\n",
      " [ 0.     0.36   0.    -0.036  0.12   0.   ]\n",
      " [ 0.16   0.     1.     0.    -0.3    0.44 ]\n",
      " [-0.096 -0.036  0.     0.36   0.12   0.   ]\n",
      " [ 0.08   0.12  -0.3    0.12   1.     0.55 ]\n",
      " [ 0.     0.     0.44   0.     0.55   1.21 ]]\n",
      "\n",
      "\n",
      "resolution_sf :  1.00\n",
      "resolution : [0.4, 0.5, 0.6, 0.3, 0.4, 0.4]\n",
      "\n",
      "\n",
      "\n"
     ]
    }
   ],
   "source": [
    "config_filename = '%s/config.txt' % output_dir\n",
    "\n",
    "config_file = open( config_filename, 'w' )\n",
    "\n",
    "config_file.write('%s\\n\\n' % datetime.now() )\n",
    "config_file.write('ngen_mc %d\\n' % ngen_mc )\n",
    "config_file.write('ngen_true  %d\\n' % ngen_true )\n",
    "config_file.write('of_niter   %d\\n' % of_niter )\n",
    "config_file.write('ndim       %d\\n' % ndim )\n",
    "config_file.write('learning_rate_setval  %f\\n' % learning_rate_setval )\n",
    "config_file.write('epochs_setval  %d\\n' % epochs_setval )\n",
    "config_file.write('batch_size_setval  %d\\n' % batch_size_setval )\n",
    "config_file.write('use_poisson_fluctuations_around_total : %s\\n' % str(use_poisson_fluctuations_around_ngen_true) )\n",
    "config_file.write( 'random_seed:  %d\\n' % random_seed  )\n",
    "config_file.write('activation_setval  %s\\n' % activation_setval )\n",
    "config_file.write('beta  %s\\n' % beta )\n",
    "config_file.write('patience_setval  %d\\n' % patience_setval )\n",
    "config_file.write('restore_best_weights_setval  %s\\n' % str(restore_best_weights_setval) )\n",
    "\n",
    "\n",
    "config_file.write('\\n\\n')\n",
    "config_file.write('mc_mu : %s\\n' % str(mc_mu))\n",
    "config_file.write('mc_rho : %s\\n' % str(mc_rho))\n",
    "config_file.write('mc_sig : %s\\n' % str(mc_sig))\n",
    "config_file.write('mc_cov : %s\\n' % str(mc_cov))\n",
    "config_file.write('\\n\\n')\n",
    "config_file.write('true_mu : %s\\n' % str(true_mu))\n",
    "config_file.write('true_rho : %s\\n' % str(true_rho))\n",
    "config_file.write('true_sig : %s\\n' % str(true_sig))\n",
    "config_file.write('true_cov : %s\\n' % str(true_cov))\n",
    "config_file.write('\\n\\n')\n",
    "config_file.write('resolution_sf :  %.2f\\n' % resolution_sf )\n",
    "config_file.write('resolution : %s\\n' % str(resolution) )\n",
    "config_file.close()\n",
    "\n",
    "print('\\n\\n  Config file contents : %s\\n' % config_filename )\n",
    "print( subprocess.getoutput('cat %s' % config_filename ))\n",
    "print('\\n\\n')\n",
    "\n"
   ]
  },
  {
   "cell_type": "markdown",
   "id": "a7339431",
   "metadata": {},
   "source": [
    "## Plots to visualize these parameter choices"
   ]
  },
  {
   "cell_type": "code",
   "execution_count": 18,
   "id": "a6be2a1d",
   "metadata": {},
   "outputs": [
    {
     "data": {
      "text/plain": [
       "<function matplotlib.pyplot.show(close=None, block=None)>"
      ]
     },
     "execution_count": 18,
     "metadata": {},
     "output_type": "execute_result"
    },
    {
     "data": {
